       Value     Percentile TotalCount 1/(1-Percentile)

       0.486 0.000000000000          1           1.00
       0.546 0.100000000000       1012           1.11
       0.563 0.200000000000       2029           1.25
       0.582 0.300000000000       3010           1.43
       0.603 0.400000000000       4013           1.67
       0.628 0.500000000000       5009           2.00
       0.644 0.550000000000       5503           2.22
       0.667 0.600000000000       6005           2.50
       0.697 0.650000000000       6505           2.86
       0.746 0.700000000000       7003           3.33
       0.827 0.750000000000       7502           4.00
       0.874 0.775000000000       7752           4.44
       0.931 0.800000000000       8000           5.00
       0.997 0.825000000000       8251           5.71
       1.072 0.850000000000       8503           6.67
       1.176 0.875000000000       8753           8.00
       1.226 0.887500000000       8878           8.89
       1.288 0.900000000000       9001          10.00
       1.353 0.912500000000       9128          11.43
       1.416 0.925000000000       9250          13.33
       1.494 0.937500000000       9375          16.00
       1.548 0.943750000000       9438          17.78
       1.625 0.950000000000       9500          20.00
       1.705 0.956250000000       9563          22.86
       1.817 0.962500000000       9625          26.67
       1.927 0.968750000000       9688          32.00
       2.000 0.971875000000       9719          35.56
       2.107 0.975000000000       9750          40.00
       2.259 0.978125000000       9782          45.71
       2.472 0.981250000000       9813          53.33
       2.658 0.984375000000       9844          64.00
       2.791 0.985937500000       9860          71.11
       2.888 0.987500000000       9875          80.00
       3.039 0.989062500000       9891          91.43
       3.211 0.990625000000       9907         106.67
       3.385 0.992187500000       9922         128.00
       3.475 0.992968750000       9930         142.22
       3.631 0.993750000000       9938         160.00
       3.867 0.994531250000       9946         182.86
       4.114 0.995312500000       9954         213.33
       4.264 0.996093750000       9961         256.00
       4.502 0.996484375000       9965         284.44
       4.706 0.996875000000       9969         320.00
       5.054 0.997265625000       9973         365.71
       5.313 0.997656250000       9977         426.67
       5.763 0.998046875000       9981         512.00
       6.144 0.998242187500       9983         568.89
       6.783 0.998437500000       9985         640.00
       7.414 0.998632812500       9987         731.43
       8.479 0.998828125000       9989         853.33
       8.774 0.999023437500       9991        1024.00
       8.954 0.999121093750       9992        1137.78
       9.191 0.999218750000       9993        1280.00
      10.142 0.999316406250       9994        1462.86
      10.969 0.999414062500       9995        1706.67
      11.403 0.999511718750       9996        2048.00
      11.403 0.999560546875       9996        2275.56
      12.804 0.999609375000       9997        2560.00
      12.804 0.999658203125       9997        2925.71
      13.058 0.999707031250       9998        3413.33
      13.058 0.999755859375       9998        4096.00
      13.058 0.999780273438       9998        4551.11
      18.465 0.999804687500       9999        5120.00
      18.465 0.999829101563       9999        5851.43
      18.465 0.999853515625       9999        6826.67
      18.465 0.999877929688       9999        8192.00
      18.465 0.999890136719       9999        9102.22
     144.572 0.999902343750      10000       10240.00
     144.572 1.000000000000      10000
#[Mean    =        0.831, StdDeviation   =        1.559]
#[Max     =      144.572, Total count    =        10000]
#[Buckets =           29, SubBuckets     =         2048]
